更新时间2020-10-13 13:00:25
1
0.147756320275
0.1137721144542
0.1267089874685
173.49063152
15.0472387
4.20032774611
1.139854440586
6.767906
1
0.811951888152
0.902934565773
1193.98357633
109.410184736916
30.31798339468
8.0849987964
8.784747
1.2850941
1
1.1449501135
1434.8446
142.856
39.4019513924
10.2882328077
7.91275581
1.10089997675
0.856864834181
1
1302.1893084846
130.1317083531
32.591834289145
8.59784991888
0.005787060601
0.000808161212396
0.00067675526386
0.0007624421482825
1
0.090950618975835
0.026158360339844
0.006796226973272
0.0664321
0.0091684234517
0.0074409088303136
0.008383034187865
10.9949773982923
1
0.285206651959642
0.07137255358
0.230071
0.0327717793858406
0.02550730004291
0.0281416653
38.26226509237
3.618378747
1
0.26044952843
0.859576
0.124038487405
0.09588463161
0.1073491
139.8064
13.8119
3.8026
1
